1.0350444574465845
0.5819151511771492
1.7107694190248288
1.0266030180916792
0.6943094374402409
0.6115938059634907
0.8638107453066471
0.3325466039110554
0.20195430616447543
1.7972602909252848
0.745886484482524
0.8678982997199999
-0.13110163310686082
1.141101936050455
0.9276678940112816
0.8609463926577308
0.3417236935974832
0.6880401644010805
0.5434462828196548
0.42381800653147184
0.5700078234429915
0.33655579893282583
1.245287215520783
-0.16752819030540506
0.32838611234893933
0.37359812142544496
0.8309051775931485
0.7011566168221419
1.773743061009192
0.6398337085147893
0.7197637052241567
1.0570824754874064
0.36380173622167084
0.7020225645050312
0.7380170986462632
0.06758426131425303
0.5696235329368774
0.48537075267343377
0.15459626283779457
-0.03280970252947093
0.2755701529090506
0.8128255190999083
0.5547120686826214
-0.38433335352041154
0.28687090511928504
0.5574492061650621
1.3305877359983922
0.4289007306542382
1.3507585261520854
0.7932554025313179
0.6138985698256796
0.5291734393766485
0.4559635388571642
1.2511842830893254
1.377502321658983
0.14338551062381388
-0.0675037629825256
-0.25600883177422834
0.7538582738034588
0.2910052652488533
0.20552919716316514
1.618556641327917
0.8438046766226173
0.24223819680796338
1.6372643915135878
0.6685507052054995
1.110578805820238
-0.19041687868797993
1.0092709665325663
0.49630311662659227
1.6207631555004376
0.4306416455642325
0.4014507090606656
1.0698623391066662
0.7117741464210182
0.7412014797595569
-1.1442988478455796
0.3439040948952877
0.6465419848122556
0.7974793365471375
0.7844815581549225
0.7837159174679932
0.9435189383647731
0.4347730638925678
1.202239362438398
0.6071565858248371
0.005312650869466238
0.3372865040983763
0.7384672520952931
-0.07359437044738305
0.9875315621008668
0.9460678295921005
0.07900581497541889
0.25630754460753846
0.9770366459995119
0.9368660460763215
1.0945023781029193
0.08258126232074511
0.375703915930328
1.136194511175405
0.5585476529903906
0.7444183820094057
0.1480485756152535
0.5018971722993811
0.4738914950878402
0.9139840007553784
0.37151630520388307
1.1559517129814822
-0.24444778107109022
0.4969678894358393
1.014135374932724
0.27112334113202563
-0.1092044571829117
-0.8379738359728655
-1.1218157195222547
1.5463956263843421
-0.48815310878443463
-0.2401393556323452
0.20304753890840296
0.2973924811247485
-0.2633974873337207
0.8844368697965465
-0.47537150836810477
0.297116784627497
0.14392707409663386
0.04100765457050066
1.3664985249271273
-1.2422490095357643
0.144188984827429
0.20792699464521
-0.10538636575488913
-0.61599455460317
1.565919062006863
-1.3810721594023325
-0.2925215884538945
-0.43643646603885944
0.21631162359380166
0.25091995661047384
-0.6440318338890645
0.22364841719395917
0.8511400965809286
-0.6594202813967719
-0.3394784401378651
-0.8254577808834583
0.9660823234600863
0.029278670337732418
-0.09359042244012461
-0.4676849465030204
-0.28543433622872366
0.04231313905533264
1.4756753551372752
-1.5486872534659215
-0.45064074188775305
-0.640018673253501
-0.5948448125780994
0.8268854121197013
-0.7572018192782337
-0.46749354952808053
0.3598398127020343
-0.4194311029510594
-0.897407115262538
-0.8948242043615211
2.2006184022153725
-1.287130429748958
-0.7409206136176415
-0.5017989371242326
-0.5324925761758971
-0.32982638223218635
-1.1069190936834383
1.3500411857712509
-0.2932738707190006
-0.36123506870196476
0.19760146284624108
0.7063555336291838
-1.12933243001213
0.2935512506799099
-0.14424100528409572
-0.04271898197560428
-0.5121106370657309
-0.6939737254582096
-1.146734774486697
1.5962426637764708
0.26607916705315693
-0.2932175231421253
-0.693722389149561
-0.123250265351787
-1.2169798471034639
0.9467812105125528
-0.31038304449789633
-0.37679372031001024
-0.18821336517492915
-0.21479211286190691
-1.2463899915417207
0.9974372240609006
-0.18992646596669183
-0.6704927624191718
-0.35556231720606607
0.5440525990095643
0.6702005918231649
-1.063621218037573
-0.10247389320244316
-0.284073368263387
0.07210058993933555
0.6891238860658755
-0.3666674379618406
0.13837585101307057
0.7015673674812954
0.18742911489191724
0.47313884069723905
0.033489228615940725
-0.3889094165016855
0.7661878307268077
-0.18027184336798524
0.6609257621097131
0.43096800939950175
-0.4199584113918146
2.040922367368936
0.8554505703259503
-0.5898280227610969
2.0107982687133914
-0.24348334139848798
-0.27188587248025176
-0.4023189663170313
-0.336898685015632
-2.5745645850574874
-1.5373926744367687
-0.6832707517611438
-0.41847264998428413
-2.6493429311186487
-3.2597027975080035
