0.7504001151495803
0.6686580486419506
-0.04671325753545667
0.34777985354723323
0.992348319368582
0.21251285517604096
0.21645294549972122
0.34373405680353714
0.04356985641031061
0.13841953504277843
-0.007303750788288353
0.7920956541031401
0.14117386139948102
0.6571433838988657
0.48873093240040294
0.7149173547959996
-0.07104259615707523
0.17230987550736918
0.7638003975993447
0.8730047212293344
0.7837512690010711
0.8740289338400564
0.3304895792236473
0.047974089530620524
0.5568391702755084
0.3188817426328603
0.48216329455887796
0.5526752617366039
0.18476820568525285
1.1468185142706235
0.24297238756524142
0.7305344282680221
0.4850919604559833
0.5328150900658362
0.1285449644053169
0.7484579786299367
-0.05617044341401983
0.09197174088493594
0.9029127788316632
0.7962773539489256
0.8020256659086007
0.09356188796492135
0.7870642743229551
0.4101468437902378
0.6456968378485543
0.8293854847541147
0.26139229983014217
0.23018342150259422
0.8117408296898195
0.018227719517748216
0.12637248973043771
0.2134793619466046
0.7037016045448287
0.32948655874428084
0.23300985675313066
0.68822291119972
0.1910070860408653
0.5455872519251094
0.6789561477517451
0.6508750368068538
0.15833326106282342
0.19373550682310678
0.14962117038928652
0.33808991414341916
0.10339719101782258
0.26857805409710417
0.5861931976659701
0.5395317814254161
0.5248410902046399
0.9875208561309877
0.4553929768356996
0.19752772730628138
0.08087705094017221
0.6943198296903255
0.9147329069696013
0.41757153141609127
0.4889497335715509
0.32366062567569354
0.04841458396224974
0.010851683337625056
0.5199534027153265
0.1546897549370541
1.070539747835473
0.8649856874052572
0.06374394436055542
0.48136273160134496
0.8304455781206975
0.625206817049241
0.035760020297188645
0.2461854679930749
0.23389071146917145
-0.056649732666691585
0.00733468205157048
0.49894135292482583
0.1949593180630906
0.45833504639281664
0.9360851252404325
0.7645757991835422
0.8038690115090139
0.4250607641124858
0.11479223878819408
0.4325581886848621
-0.01661104079824852
1.136533489212511
0.07811513936265198
0.39321314058861656
0.14514698028435888
0.9432919973158429
0.6224240868738564
0.740860209603173
0.24916978778439502
0.1044952816154165
0.4555562252255799
0.42543742470085305
0.09003835717826088
0.6311420498831417
1.013870809859615
0.1646070652017055
0.08399468493519341
0.15656362260596882
0.6341359446932249
0.18492881409709605
0.45120859607386804
0.8945529003589252
0.289257400182173
0.7221607367236057
0.7030496109685649
0.8803935906181796
0.3118192921558478
0.09227395225820226
0.6777177497098453
0.9067688296520793
0.8662738096774383
0.9319305018526062
0.15779940906568257
0.662289463114586
0.2332643041216068
0.8905431071122552
0.16551914311389437
0.6818554775872766
0.5751065455045846
0.8103763049005586
0.6410307608718108
0.0412712159649812
0.12938446052599845
0.30676843084877176
0.07847766048501548
0.3126762908628994
0.580456070702504
0.3856839975492577
0.45121947049154354
0.6713428909611655
0.20832650787146162
1.0547187274103271
0.12470214036268684
0.5812280686448706
0.2970752044892846
0.8977392441705307
0.2904885172603297
0.45553201281181566
0.5919732149299572
0.9926628787445251
0.055397012264023195
0.5234375084855254
0.29435493284985015
0.1660586279642892
0.4793705994608199
0.44062176786641377
0.4761391962212474
1.1714154160273949
0.21797772086602313
0.871072109336198
-0.050753025014197414
0.3375636383779921
0.6557192065955652
0.26609051814543666
0.7021647304712821
0.5152251966966895
0.3023608188011471
0.3918792221105896
1.0004941759131802
0.9248848871302174
0.05323800131403311
0.34028155082304234
0.6556139695421496
0.4161124346278029
0.4030710750347788
0.3253021441133966
0.7739069711390191
0.7188525693728297
0.8283447630142313
0.20187025955630206
0.6846986965220676
0.9269021479186894
0.6322189743746073
0.4290872596770932
0.860884609581795
0.4049653777249055
0.6517223326188107
0.7737417517388723
0.40782723353121353
0.4530590671011856
0.3725765575227869
0.8676832052257746
0.4548997522172162
0.6180020496431786
0.5792275204781022
0.5277257297755712
0.5541987811032025
0.35740667366863754
0.3294248550955387
0.9314354725868584
0.6233199072464128
0.5037169685033696
-0.09517867983427229
0.23880044597822633
0.5279727990494744
0.6909074274773873
0.6066607150671787
0.268528669316274
0.23539869384315243
1.0055772666253764
0.25948428148658204
0.12736102389051668
0.6790004838176397
0.7863508382868492
0.16670022911850377
0.5614332624751263
0.24854824618304416
0.6682675068107825
0.5550513273934794
0.7896035957300633
0.745831193275676
0.059855701039026675
0.6280886906325439
0.8917957877151607
0.532425063449037
0.8396654296996379
0.9704717374339686
0.5957817537026637
0.6897639622058094
0.36273311468532
0.9075694427904621
0.7486351605781439
0.43870657694182225
0.09799818304520759
0.15711815143216248
0.6096921435458975
0.4941224127272791
0.387906391842924
-0.08836486083768359
-0.0485295558974415
0.7544462537691192
0.613202836125593
0.3209883111343361
0.10719978331747924
0.7959230655653663
-0.014455497280702636
0.2901160675982091
0.11420792024258754
0.6036963798612544
0.36054449739349603
0.45825855178768893
0.78694653167538
0.48652553808936105
0.5847080194088539
0.7116857061021488
0.8045243462727836
0.8803797928704651
0.679131866066737
0.9169101535836544
0.40469942526149794
0.41527700643735305
0.6149483283999516
0.1269262358423118
0.5002348319653391
0.8063520406291979
0.7584213535084855
0.1944352997266947
0.893353566851612
0.6250580955555421
1.117486035892283
0.11963694724503504
0.8049985682208021
0.28011711633864134
5.751154722875743E-4
0.31711835575319614
0.7713063443843845
0.669114716754376
0.3496497463405772
0.8009442964590916
0.45466912990943403
0.37918868384784027
0.5897573558191328
0.40268797828869446
-0.18342314517530084
0.48654552612512736
0.5198125278047299
0.18550382384800493
0.4409108801574222
0.33002067670599333
0.3119237211560747
0.3398357075939501
0.29971758637119006
0.4998576357682915
0.6318787122246539
0.4949002471560896
0.07702746962675787
0.6703442264556665
0.7476399499741996
0.7866219940442054
0.8908655387731883
0.5921377785325178
0.37048142960904734
0.4533482300771068
0.559376236366303
0.3125808890614839
0.23367764074891229
0.6469847019068051
0.867874382726285
0.37982114666303934
0.3177914218122851
0.5723357715125098
0.8414522382284929
0.274223555242642
0.24318153329990605
0.6472717636367641
0.10633474975495587
0.42538544433112535
0.8154552062339805
0.6893962311983506
0.6687357573112389
0.8201187262520336
0.6825945608529778
0.6633901594447751
0.1238072256861933
0.1836582216561852
0.13049705448162677
0.363925633168954
0.19890707916956024
-0.017868657914329567
0.8576311452509638
0.6915689441646056
0.6994424326642679
0.05957435142952583
0.6594040638237902
0.4138751863353661
0.5493687345542582
0.7984099291011402
0.3564323879415494
0.850916581530275
0.8198071148975069
0.6711114372303779
0.18189899095813458
0.8602338938111148
0.9233060176801848
0.7144615860178515
0.49911553879678394
0.17416260705496917
0.4452996169107248
0.23022381704130016
0.6886706719810536
1.0079784313553648
0.31816444008564293
0.19725028306378536
0.8354279884049571
0.9160283383111713
0.8300374441043682
0.9114861925064162
0.32840259268871214
0.6715098769323691
0.5679765883470453
0.6691432374265149
0.675095456604329
-0.03750065025667935
0.1506394408527194
0.15347825898681416
0.9607246645176438
1.0101674889794694
0.5211667656308857
0.4574488426821756
0.7757012940406917
0.30253755852938347
0.8833921517482357
0.3055599826369868
0.04609121603204237
0.7557682677541757
0.5624348444867018
0.2482091768006332
0.3522732701522379
0.3591473336700568
0.11396192616547565
0.37817955210747417
0.47780022707827013
0.6662518883827943
0.3336166156474699
0.04312714909703165
0.1426568609124809
-0.0028023685433833955
0.10127076328138662
0.5627199071568622
0.8697976526496761
0.4169627181956811
0.6861112175335112
0.4666254958607567
0.39707549636317396
0.5607054767075242
0.22349801240418793
0.2035775306879012
0.20183027074771234
0.18310029866046915
0.5677236301434252
0.096101187455064
1.0162318178303555
0.5274243960135663
0.6286092749530283
1.1683020697085185
0.5090895793704104
0.28369563300213485
0.977794238897158
0.04318930812475507
0.7199749347792115
0.01936030407423205
0.5668109094779016
0.02384625218021368
0.6252817337961747
0.35297448373988377
0.579485624946822
0.24797261897111264
0.9599592760919928
0.393373879113845
0.4040198907134423
0.20050881975344365
0.21276762230232177
0.4990765604314789
0.7879472217419115
0.9577426855719899
1.0318312996378904
0.22532880760630333
0.27832460312342555
0.8493790206155302
0.4891178885950099
0.6305716648188144
0.7982136639361662
0.5624043527000003
0.37561109102450624
0.5393106335130934
0.3758063805486072
0.11906031332508518
0.09557877570644206
0.4461268439378926
-0.008318992867166183
0.23927054966925604
0.3653019502357653
0.9123130207106376
0.13185739978744496
0.11534766823248518
0.6631977122279223
1.0542032359450173
0.7956474295925868
0.8968329059217344
-0.01784305890129032
1.0819389606955876
0.10642030672247905
0.41768943217514914
0.07383063307275708
0.4657301538837391
0.6705289372596782
0.1403323146644466
0.5156739768475426
0.006736840954184383
0.8984698084904456
0.7989140541566491
0.9190318040946633
0.3751710793322729
1.1101755343801294
0.21425324064047765
0.175754483808453
0.5846272883462961
0.18147662671703071
0.27950445922206346
0.2623984429557286
0.18958205186363156
0.08165471346124743
0.753748690103046
0.999658604464596
0.5292436618189603
0.3269531818037614
0.604197096728896
0.9284436221367851
0.4312914166932538
0.11447825971711513
0.14131066831702332
1.1100564445080556
0.6206934207423571
0.8676046737873718
0.20854457861554243
0.9533776351201214
0.5689836521766772
0.4963684828842967
0.7438212530637505
0.294032151078078
0.23657706453316518
0.3812267596085865
0.6716764030713727
0.41965069241135655
0.026129605909134393
0.6265496534806458
0.31317691619396043
0.16855407504460665
0.6973994871816205
0.1819255236514319
1.0148975300361764
0.393901017518153
-0.09758480126436703
0.8205170802086564
0.10481873004377776
0.39512861247729436
0.6438477816683116
0.5868407883956002
0.9624222244838122
0.11603763608767415
0.7132258316097522
0.7401007830303705
0.11119246531968512
0.5430669620535314
0.8701716693439927
0.18111489333055497
0.21392042253114746
0.1686705325155107
1.143560471900191
0.2546481329628632
0.7225247703476745
0.4822229558677199
0.1429734399500311
0.818271375222078
0.864962280004495
0.6831748069319505
0.12384504985312296
0.2499786623795546
0.05282233056776328
0.4919993360946092
0.8788346238255795
0.6899995483591108
0.826428804751014
0.3171481719077523
0.9471646541457436
1.044002562903121
0.6786238159826127
0.7759443475298067
0.3125464010765899
0.39245388781468526
0.30873309320173775
0.9341552249705852
0.7577241746161287
0.8339395343150197
0.538151082172029
0.13735926956859992
0.47212866103167495
0.9714952917228625
1.0992196620435413
0.5373734080177881
0.5989269466640242
0.7436308173681666
0.2836863958445061
1.0014487958528957
0.7631486160326405
0.002781354015088515
0.11894179760687881
0.1861118419849714
0.6521278831068226
0.7520672855423165
0.3892240665990911
0.3569305910531136
-0.08192021128673427
1.0116156767459492
0.5211839309246323
0.4530443042820237
0.33296590046808133
0.7992440619514235
0.002583105158502338
0.8519983095858469
0.43647650688364165
-0.25596943904434205
0.9153763926197744
0.9083565375237601
-0.197408602512499
0.41092341864668674
1.0545326381502977
0.815686119489248
0.0650547073252649
0.6921705764079361
0.10449712313428408
0.953300268146806
0.4701891748384605
0.5965099285922897
0.19969327584594715
0.23671999200018695
0.07109093048790699
0.5397662845334976
0.8812392655963538
0.5908022746496866
-0.11992001660636001
0.010784781217487355
0.8672355979240216
0.523398479770413
0.494980769593109
0.9032319739700836
0.45077172604285665
0.28674164331531277
0.041783389319511456
0.7043055538328981
0.2580267535737943
0.2679575653996204
0.6505367210845122
0.4185702177091272
0.6589473672461282
0.5722336761554595
0.4678213275280577
0.5371548221916151
0.7065069361099909
0.5123071529886941
0.26175824292781763
0.81505765539622
0.06885732191152172
0.5048911696125703
0.978275420355146
0.8282057989904927
0.1666822622247822
0.8356255566001399
0.8108091508773616
0.6378112075307069
0.055849000542810646
0.7635591868401259
0.41563456507703134
0.090760262913678
0.6858029471706102
0.12614285953961665
0.5331755628051706
0.5846699626434437
0.006809829107509102
0.009876163062963213
-0.03152506191157766
0.5210939250288859
0.9180856621182992
0.9031708798876499
0.974458513618946
1.0368243854895525
0.20891205406364757
0.22689343194801448
0.6091078996882893
0.5799034977477119
0.4930357838565679
-0.05761891947269826
0.08687507221029192
0.9815529650620145
0.16210522185344575
0.9342583170992848
0.7973902453059903
0.5891110431681826
0.8247172290121028
0.7227814192366824
0.5734924555318633
0.46174297181617346
0.2633038893636686
1.0795698207998732
0.5825760148933653
0.2646134672624967
0.683774083996778
0.1956488112358889
0.26135014533799206
0.854981497178528
0.39198948910915027
0.1863869639650884
0.007733620505624109
0.3015784422032629
0.21733980914037046
0.15438952212313758
0.4355199756085148
0.32414751083239635
0.9431980587858183
0.7999709750507294
0.3189893758775533
0.27312820712298375
0.6148372357850421
0.09107276151358316
0.0562957750689455
0.301583232328387
0.4787565928971446
0.9151817760888312
0.29950612522868586
0.8455600796826408
0.14214490241807584
0.164374473661642
0.6531784757577589
0.954755709023632
0.7926982435022576
0.7558362073991952
0.6681386938019728
0.09229818898969958
0.342272471939078
0.06510961167747935
0.9793365629908458
0.5091860137460947
0.8887998322141178
0.39937300237493467
0.37654963044110146
0.3852210171970461
0.5001626923482663
0.6849134181614952
0.49532302367738756
-0.23519304588326964
0.7007267902943082
0.24432371222187288
0.5117415732692633
0.23167831816535964
0.8731311905449437
0.9102401345502256
0.43472355301127447
0.5023814675376977
0.6254587353715659
0.07262282860561334
0.892953335341411
0.6045946843028692
0.37695812178785904
0.09841453940916292
0.058513969475006714
0.47247275891122525
0.75840750527211
0.3077841525831274
0.2869533630982056
0.576440360833691
0.26845334696637696
0.4566762602719486
0.4311694680907495
0.38960963372012386
0.9399653505556606
0.5061892197103612
0.5420060507153444
0.8619561777930886
0.40503445626367035
0.5194165472214064
0.37772489877365
0.3651268398409564
0.03907851089391133
0.6417954679464984
0.16805846849778927
0.7083391904118082
0.8128624629240626
0.08147180985880315
0.6421017064844147
0.4908310778375933
0.9221310759544039
0.2552832220657148
0.08674959965067862
0.2760285511898014
0.7789125812396085
0.2773062020930042
0.710580139563525
0.3801966684780986
0.31301357698895255
0.6892112698751099
0.08677164108055266
0.5445968474561544
0.7059136827260228
0.46873571259487046
0.612791364162452
0.2762088432611105
0.3727672174456124
0.13686949645357624
0.10344350460291725
0.26287903981625704
0.8221921843214043
0.10874949330019709
-0.06524930329530919
0.8706089192329419
0.6613378420985364
0.9622783616133267
1.2598558545115854
0.9601498492798817
0.1916686316740895
0.6780616808539084
0.601578530857467
0.8289299357513407
0.25917900766964724
0.27906330495163445
0.9231156628467961
0.34594708498757615
0.4158592179895155
0.5947331481788269
0.1646112999490471
0.6185943658275503
0.7469705605148715
0.5485223936441647
0.5065415906097145
0.44215021171199076
0.3502194112383207
1.0041958049366198
0.3182725367091096
0.0032710974653567372
0.4310542119532234
0.5193042215959286
0.16049786455995585
0.36669176422554567
1.0027746177116714
0.37814938314433283
0.9001631257826733
0.20550847109792628
0.9694158703313979
0.13495247338214433
0.10649298623766491
0.9957994764608716
0.49987801610168137
0.2170030403809059
0.6766462427750543
1.043216236200302
0.79453266710326
0.33299109667151594
-0.06394332012159314
0.8407095127550278
0.9083236168997915
0.424588137404592
0.3976350473403978
0.1972753296626891
0.3115487689726831
0.3604888160714029
0.1581004382903247
0.42122692751775387
0.7007819195774034
-0.05725127590303226
0.37178461301546667
0.3347835886980328
0.8000838784798295
-0.007674548524239715
0.16635652072084403
0.324579360038492
0.7917236530468676
-0.046374091713765934
0.9486069919687845
0.45501687752841946
0.18402700374588704
0.2025619695103693
0.19623840976941478
0.4662275666746615
0.3934656749623035
0.8709782312546979
0.4104673045975444
0.42723051005002255
0.5131303287035905
0.5503866228581433
0.6411595900806283
0.4382258762529727
0.11935078770668321
0.30683780392872406
0.5886225993703217
0.5735932732943749
0.12742307624686108
0.8806660778869584
0.3855654269958567
0.47754734737721716
0.48866595071853314
0.8508863388004065
0.7377070481816973
0.1579039891938987
0.6440415888560984
0.844394520420139
0.4473642812570822
0.7310448174081521
0.8448413214976972
0.40566255633495474
0.7862655929059407
0.9708777288764834
0.44842690519515727
0.6252973307481156
1.1006334202868697
0.09427948564095871
0.8968916865537417
0.2957156860936634
0.3362341161100089
0.8725753909078979
0.646302742182231
0.0043351381743440155
-0.04000092199790526
0.5274200003656939
0.10730069265005476
0.34362736197091676
0.4347631484319014
0.8460677172802253
0.4734097212288976
0.32788445788078613
0.16589266667475372
0.789121937276344
0.410915722747675
0.21982081214839508
-0.1238235264388351
0.3483925054728705
0.5458034111722859
0.33550767452126984
0.8047348743979721
0.4228167768651614
0.9236201935477361
0.8493247391251074
0.9484444829953764
0.20499182144498745
0.14847738424733253
0.8308917785256287
0.03895714122309502
0.9586583349358927
0.3990942790934638
0.05817924831626891
0.44147569742176274
0.14422685828800288
0.38507449916361075
0.5302717888345843
0.2877339071648089
0.007507177220571552
0.47837258266655036
0.6460709198476465
0.6954681183335537
0.5130716875055036
0.6646586090794556
0.6725719399968632
0.745950784174077
1.01660345254145
0.0037233719900685988
0.7659659202412202
0.822189040186337
0.5763949504229892
0.5923468678203923
0.3595123302943172
0.5964973587730551
0.20405402536993256
0.9262124114658008
0.7684671477097664
0.20243296827681068
-0.07371423944022243
0.6445218199500209
0.421482166222987
0.7403113797054064
0.14480496714426289
0.034008444516571625
0.45058175592074795
0.5011105901166433
0.3973175295573661
0.665958601529561
0.07724787563155067
-0.07085880079016568
0.6707588759246719
0.833789835410166
0.6788490893641058
0.6607737226752041
0.3148188414094979
1.0027719414504401
0.6628322117788689
-0.06689573033404494
0.37979083689309034
0.5991899626040202
-0.07338026637048639
0.7085881564370149
0.9946564937990892
0.3414496498494476
0.5596627345066577
0.27411764716016473
0.5906058756924084
0.31527127224797863
0.48412121989988716
0.9530720931013341
0.3723118854907423
0.5556502753482746
0.9091336994392648
0.8325811909554028
0.9724675596194088
0.6537946751493305
0.7269602355223935
0.5095530280016192
0.39739874412237713
0.6365463017948325
0.8986063475743221
0.5483648280268206
0.8962068990188773
0.3348741187490025
0.04401039694878419
0.6063939541183372
0.6364897566197721
0.9379564330281007
0.20318704753702138
0.6443998190784928
0.36729060106044537
0.9200844793202531
0.5016666940346862
-0.05753617480780046
0.28654208614117505
0.37785051367120925
0.5416592465034644
0.08434233514983619
0.49946703887650185
0.2206047138925366
0.5720138061555459
0.24482200237728968
0.11359755268525137
0.1406643488490444
0.16381347747312575
0.941041269777131
0.11158153844268913
0.6748820532975597
-0.05321257703717451
0.19409902795576248
0.7630605388603299
0.47628324444922954
0.40810005618018086
0.1457858623517751
0.7413646670745137
0.4956395573386456
0.952828251587691
0.6069096938080288
-0.1266851526023969
0.592816840360876
0.19759432524718737
0.12218517083416762
0.926286520364878
0.8222659331704095
0.2793301980720418
0.21079343420812455
0.4941137587155028
0.2780572627349976
0.7952828516741758
0.11547720660799275
0.46089282105193086
0.8653450506178928
0.41186325099359655
0.5567348907811547
0.10892269604309142
0.489408580233136
0.4979845431103557
0.7769944063842652
0.6623455250871746
1.0964747816443923
0.154040462431683
0.8190246044388443
0.7367652992373204
0.5217009421550073
0.8792528042582618
0.3308656308990099
0.18937753117930586
0.2027682230843839
0.30627396467354195
0.9865280855341124
0.13013906824631233
0.7506813350829746
0.2754524534367179
0.034971472864069104
0.7003593122570725
-0.07542487425306796
0.2942309538093553
0.6783716836307551
0.3646505820570173
0.6670188202177662
0.6007754949607621
0.11920461469871418
0.825524349962615
0.8554355331857836
0.662858259776767
0.19469307996438434
0.4332013612993332
0.8544773336849889
0.09288195190641514
0.31052080332688187
0.11420548501989836
0.9426911236658154
0.5907238356799449
0.42876844627130395
0.6535812656152623
0.2506963002456149
0.8593142183769394
0.06842393229436579
0.4630063744636234
0.577746565246429
0.049031505485949645
0.7195354237647559
0.18561868483712873
0.10797860376747798
0.4834352057420925
0.4907777372372823
0.33040919358333287
0.8097661694661917
0.4572689694076221
0.9277112566448694
0.34952328752913453
-0.10693305709974071
0.1476545504157964
0.6278112313768389
0.043146801164602566
0.5882324911168788
0.3396169399886975
0.8523410891844292
0.5395709136207438
0.6945471370776707
0.4761636881075706
0.2191313883981916
0.733954402419078
-0.05362624279757339
0.17501885802640801
0.26862299860642286
0.11508921109537788
0.08312433125790049
0.465053619219082
-0.0027787913715245243
0.5192797971675804
0.8923292924292134
0.3273423866894229
0.43987806257204337
0.3217323954439405
0.21669951550393615
0.39264454921104647
0.09141780628959002
0.9612827047067617
0.137634559562749
0.13982972040161035
0.7114702642490224
0.6370952451228606
0.6688356211416541
0.2820396842462997
0.8459812215121968
0.8200056640585476
0.41103896956606983
0.7742903039009489
0.41253973784014764
0.45399509389002957
0.5182316786344167
0.679393833978609
0.32240983119067834
0.2950205972206659
0.5937906623899193
0.9693916153526851
0.8341898477478725
0.6547530951644998
0.33786414445737756
0.1468932331231512
0.7632716339931005
0.39794091039646246
0.6425361000884142
0.8224754798640894
0.2213460463997989
0.9676046527833758
0.7211740752072224
0.9641128962707178
0.8853541099263027
1.0486307523302831
0.38018842340431624
0.9592792586175821
0.21638205950664988
0.04221146803693691
0.18726958813579073
0.4046766356823375
0.011462835771304455
0.940256630350391
0.054992078034365274
0.06139733454096692
0.7495445994395846
0.23463010884859498
0.8594865931142459
0.154027287552277
0.20945616405732925
0.04340741202313317
0.9326971765045927
0.5938003041055304
0.8422102459860868
0.3219371814590976
0.6185920767855654
0.600804628565259
1.0362027478792986
0.6482031079057782
0.6466579422722399
0.9022929316526389
0.9487357469466271
0.31770021991335784
0.6750074879103307
0.536168806577234
0.46961011905849537
0.33690921066907287
0.5709232728810112
0.3438944540756697
0.42937271272789723
0.14490028630478652
0.9447128610790865
1.0252612734905873
1.1527876127789882
0.595131610003205
1.046495858084277
1.0535872928389518
0.30081468663716276
0.61973708031147
0.5270752543787373
0.34336842345997903
0.0660085114147975
0.6642552288372461
0.6364760523467912
0.40263183418366655
0.10025967474079939
0.3987035174859612
0.659910073286389
0.6429436581650332
0.1193401899177737
0.5962078109178645
0.7013414867549688
0.769984715830793
0.7813027894155221
0.23449461759185997
0.17323860322177528
0.909940079838373
0.7323189308607603
0.6732574906963504
0.534301863119267
0.3147184167590888
0.7596159617758281
0.04920093226104259
0.05902266785648884
-0.014441614118080147
0.8530801489777807
0.3216578215511496
0.07569760551528247
0.3091090077184822
0.5861197358349338
0.5355890229217598
0.9483926299657489
0.5904510155915373
0.9955305481133376
0.9690057641632432
0.5681702022121964
0.59852097513863
0.3543380241969663
0.2577009486265914
0.3081139234742339
1.1105532840678334
0.48017599818459916
0.47776718158020376
0.03371990309329404
0.7705207638842524
0.34138476982676963
0.7460390745964708
0.3628227653531385
0.5096861564426766
0.1864609410980398
0.3087623817956231
0.43125210693888816
0.21639331318902214
0.3459727814720578
0.2586383530832688
0.6884734949537012
0.11567521616419676
0.646426827513074
0.3371389750515181
0.47663910840707185
0.4007553810748777
0.28662655672598353
0.6759270843590108
0.5423910674890238
0.9663004019113337
0.4804927251343187
0.6346949902030463
0.9563212759117483
0.3700941345914116
0.4259100417577599
0.916536493789969
0.7465106792518234
0.8133857445598957
0.04228102696402931
0.2760369566428532
0.5429101000243894
0.9334160983337955
0.16183131453125893
0.7976043259600027
0.42889530474485
0.06071949845656548
0.5396408551920707
0.15701148105038482
0.49892122903792036
0.31038916392728827
0.9420826741000341
0.6828358175726407
-0.05104979689911079
0.2478901366608141
0.12430750102301509
0.08380691263951125
1.0268798637891314
0.45032325256977673
0.15223651064417462
-0.08660516544792429
0.21880739011135664
0.43302255047980415
0.5955941160563806
0.9458804908158037
0.34646015935573155
0.7255450805204109
0.9252047186279702
0.5686642219658171
0.4748589574627456
0.7301532486811567
0.7114633385977457
0.16620776716076005
0.6385599710464325
0.4161073776014729
0.4403801093886055
0.006909603170076195
0.8311558169238626
0.728775177949478
0.8808946925086796
0.5072337683280707
0.06206128271103588
0.05791238686689019
0.7740732872322157
0.31821856128971676
0.4386797059287842
0.5851630538872273
0.5594540785022359
0.8532022833639983
0.8111077403662299
0.4242312105523938
0.23882217198609965
0.39777826697438995
0.18255708047703192
0.5547072702561708
0.8338850549972138
0.8282710531341164
0.8555501679385096
0.3506876604499268
0.1434282518003989
0.3669074061283325
0.6554706237443754
0.20010717743039066
1.0550201066937428
0.09273899713949961
0.6024339262664786
0.43749376645608157
0.682696910545989
0.1696453858046601
0.38055134578946687
0.20271604300091017
0.6377024646686582
0.335686353550734
0.07244234058035107
0.9747614223328328
0.5904293421200627
0.7044098207709741
0.3996124996776681
0.5074813902433879
0.8986113255795428
0.8966126344456116
0.6585035196297879
0.5105142961044908
0.803707799955984
-0.01238164944477223
0.34351195146552266
0.4460918095411712
0.6241464713812154
0.6664257082554501
0.896931752914802
0.4692160309519143
0.850966364358036
0.9613503791877551
0.7235563907244144
0.9268119209622147
0.5836632270964736
0.6177260700240389
0.8122002871576903
0.5431000553847747
0.8648885154864712
0.1899100182966971
0.9266895011388522
0.6586826204018119
0.026413365428804503
0.5550415601803796
0.5653452866384573
0.7094036836129175
0.3517785655680404
0.2183387439232409
0.009266900170682364
0.989334205762864
0.19423021793722328
0.20903573122622104
0.1062384724695703
0.6258225967502815
0.7985672100779677
0.342654202838821
0.2832521401882526
0.9741872812476582
0.27681977811063274
0.3131733324240405
0.8887045793447507
1.1961169354194927
-0.06623583686922538
0.3797515606244868
0.2940289116969065
0.7436314345445182
-0.0780394429196439
0.6776861818055954
0.9628961464868738
0.15432461600295222
0.20383072328794333
0.08730296985756546
0.04109546122668663
0.6241276790599135
0.623480947346907
0.8577339023085759
0.5513963129865264
0.32877810064390195
0.44727673908855836
0.126536527110578
0.8425862337433422
0.029091818923247175
0.8909977211130098
0.855421835665008
0.0745001153868478
0.40968864601436294
0.036122658992908466
-0.013036414978795752
0.8264952971250015
0.5627937682470231
0.7414992705591911
0.26431166562367603
0.8626670275682008
0.29439882814858837
0.1687219119566144
0.7984975674421626
0.34647249464086566
0.9873804153931249
0.3199056330633416
0.6521703382402808
0.13256510086390297
0.28863445907315216
0.9232210316102263
0.21461191091569265
0.3066266607062441
0.6349786711428069
0.8116202171902921
0.11094447805675403
0.49643606094296816
0.8586447257578305
0.06549313082713705
0.3551881004924549
0.5454025199828079
0.1358356883269663
-0.0717966670046779
0.272735196013212
0.6708349750574668
0.22492881562053035
0.57568609285609
0.6320707395920988
0.4455124129076164
0.8546152487277877
0.46892231681074825
0.7368846018203654
0.6274160187414969
0.6199572224682782
0.23358728645925225
0.7949190471205463
0.4628740760998311
0.5222407620394122
0.4920983899510763
0.972506739195317
0.12396358177045601
0.8612286917354544
0.7221443028848624
0.3867667237984836
0.09781179263120154
0.27081417555301923
0.0021023267153576315
0.12236065759796128
0.607534486418908
0.8964215235688382
0.7549115090586959
-0.04452950774281651
0.5575252171408092
0.8990276330087118
0.8451335318397574
0.6606991724851777
0.8654973299727026
0.9443637447752579
0.7768247184497576
0.8851092970452427
0.701680531562633
0.17309810922726654
1.0981969880477658
0.38649265505551883
0.3875996719413662
0.44119238229422353
-0.040905256019908014
0.22627388173481744
0.02498335054836213
0.11096382665057881
0.20740986443031736
0.8271261919486084
0.15336382665566262
0.9757089109347267
0.5608991242742561
0.39411320447059633
0.8917662035719985
0.47725978020140347
0.35758458233958385
0.49036261574803464
0.025476437952131694
-0.080553769309064
0.47686246498169826
0.2123191545791781
0.7514651493220075
0.4455848880955238
0.5495662999145328
0.3084889659175681
0.5868494668739779
0.9337520459416867
0.8091852281688344
0.5437682876099146
0.6053114111073425
0.14991362600680994
0.407324945292906
0.010090101076033246
0.07414309683261693
0.7518954729212699
0.5325994761043135
0.19209550313742216
0.316157895883323
0.2091347542363435
0.13574141224244574
0.6577645475366701
1.1050075059914553
0.022983892521900553
0.26867932482024975
0.7960616479888244
0.28644960448169093
-0.009527910049557102
0.2835594453025077
0.9807511686233968
0.3643490140361008
0.8765103407089269
0.13294505263878933
0.9459940937203437
0.7138159180722005
0.4932100239449724
0.2503445813811719
0.7338063195828367
0.7484371064521502
-0.030256861051154736
0.6258119335427089
0.6572336918028061
0.05791210439524751
0.502811693542519
0.05375305595138921
0.5436603463324652
0.827796926672306
0.3784539999662582
0.723989690895589
1.0242657493354028
0.47713693981583927
0.8423092579302278
0.22440768244935255
0.8187664626579515
0.33414916088404367
0.456609550117254
0.9273095387834812
0.24538774435823604
0.8642071405697278
0.7128748216578253
0.5043966724340555
0.5407965346163953
0.7639085584544221
0.5396803463423997
0.003028790493056735
0.10085961143173418
0.7589005192706298
0.3613655246866641
0.7585580902005005
0.5772782854974432
0.4355459489361773
0.20174674479935362
1.11943235005997
0.5931545572827741
0.5825057342479323
0.5951830441368134
0.2610832313743202
0.4524942894137635
0.9094809039902184
-0.05739718120492082
0.7516133401376869
0.5500308954182139
0.8617691957483122
0.6319362325964669
0.041641068214417765
0.6968803697390293
0.5243364304034442
0.37790260855478636
0.15021704364843955
1.0132582541103927
0.46622954226985935
0.9532601499894923
0.7431217332028245
3.8934940573408044E-4
0.7652339487461753
0.09434218887661978
0.9618672710367182
-0.025190715664256683
-0.6084454389305356
-0.004708431246030647
1.7188778882207036
-2.1362491636763727
0.21072757628208058
-0.1783584734935216
0.0068515403619839885
0.12982803999615994
-0.7308373575625091
0.4542761056832963
-0.07037625091810969
-0.8493252125719888
-0.42950298197645653
0.10783348857871371
-1.701497397054328
1.6198199682005363
0.27788906385768547
-0.022939502340620827
0.23351870187954696
0.07384859381128543
-0.3891922122544224
0.45931957931958345
-0.04406032915554929
-0.039919746540327115
-0.6384952855343299
-0.47290815926093177
-1.144301160044413
1.4306588359265058
-0.13750069843829463
-0.16227027105918665
-0.2947804309056728
-0.34037498977479735
1.1423368175854736
-0.8366769102574898
0.119272931012274
-0.02157364278655752
-0.43809009120065945
-0.05524079954121921
-1.0442196475211518
0.9774885774990196
-0.23586006369945256
-0.29378261366770575
-0.4783413130391537
-0.16729902491247592
2.066016116706073
-1.4017021214809975
0.11384946413303344
-0.24201370611211148
0.05008609328014206
-0.32525822568350476
0.08682531325305817
0.3490960808600634
-0.034071870962350564
-0.32492474217000167
0.028981158346285868
0.6266065206491639
0.626292441112542
-1.082122312719535
0.13833075044926801
-0.098100234936086
-0.3087666143934385
-0.13773289602736621
1.3093664202570274
-1.4925067474665579
-0.16180852095382073
-0.4968712330513773
-0.08125787549834217
0.5133356381910754
-1.5264153218823369
0.8863438140050551
0.1421150137368718
-0.6631793344177817
-0.5014456249565324
0.046487141924210953
1.058810186357613
-0.8729629119351459
-0.13052264574308423
-0.7924997473094362
-0.5777822852592974
-0.1855090040472436
-1.55259565088505
1.9138397106476093
0.16704459015192666
-0.12565509481974846
-0.06010178336673789
-0.04755395219567481
1.1257291935500406
-1.18053339158843
-0.14545262959565444
-0.7192065735452842
-0.6541455848771438
0.2869924292747736
-1.6548124279096885
1.2408504373063043
0.40913804825821026
-0.18147487637946141
0.9791247623106849
0.8985099275751721
0.4183900225285853
0.07010921265440076
0.7940565901595701
0.5954135859392174
0.7788115368092776
0.991431216789265
0.08396070189221073
0.6174648065131799
0.5512842529755139
0.32717681501394924
0.5538692194643556
0.9014888128142148
0.38096992273869873
0.6430261586635843
-2.3324836432312814
-2.255552259203075
0.005627094891185104
-0.788808815943856
-2.804331756814594
-2.373676750239283
